[{"id": 0, "img_name": "00001", "width": 1920, "height": 1080, "position": [-2.956238068837472, 0.07339837460431442, -2.7918484078217514], "rotation": [[0.33841107505297796, -0.7322305863507111, 0.5910298746205486], [0.6887908407156741, 0.6206870475299573, 0.37458612731218344], [-0.6411280075208714, 0.28033187018431954, 0.714401092196309]], "fy": 1721.2741487220019, "fx": 1721.2741487220019}, {"id": 1, "img_name": "00009", "width": 1920, "height": 1080, "position": [-3.663955831895366, -1.2437835776490664, -1.4817334277993246], "rotation": [[0.00679497457177183, -0.7628003168525667, 0.6465984108627183], [0.7365665465252161, 0.44115266295390826, 0.5126929397881266], [-0.6763309477323104, 0.4727790229888581, 0.5648508161994771]], "fy": 1717.232909188224, "fx": 1717.232909188224}, {"id": 2, "img_name": "00017", "width": 1920, "height": 1080, "position": [-2.833596216218454, -2.3298448898466537, -0.32417782036924697], "rotation": [[-0.5828997907339828, -0.6252565708245278, 0.5189239391308045], [0.5973575964312611, 0.10316807310736706, 0.795311417419101], [-0.5508100724824713, 0.7735700157917608, 0.3133651140758802]], "fy": 1705.024079985371, "fx": 1705.0240799853711}, {"id": 3, "img_name": "00025", "width": 1920, "height": 1080, "position": [-1.2529513415734659, -3.277439234317674, 0.9973267650000243], "rotation": [[-0.962459526930001, -0.21291478242811882, 0.16834177866847339], [0.18704795132773006, -0.07085527235224422, 0.9797921178923559], [-0.19668432303002084, 0.9744982430992251, 0.10802060576920637]], "fy": 1713.981045108949, "fx": 1713.981045108949}, {"id": 4, "img_name": "00033", "width": 1920, "height": 1080, "position": [1.2546020784974823, -3.481929776850147, 1.1851583881475694], "rotation": [[-0.9319502738849306, 0.2830693611690101, -0.2265842531447658], [-0.24856077013728356, -0.04379684434886921, 0.9676256404074054], [0.26398149661399245, 0.958098937058407, 0.11117641950066248]], "fy": 1700.8260283971672, "fx": 1700.826028397167}, {"id": 5, "img_name": "00041", "width": 1920, "height": 1080, "position": [3.816864353983167, -2.3331794025827826, 0.19600147020932562], "rotation": [[-0.44925016253168165, 0.6423399826963675, -0.6209457609927672], [-0.6467052441853715, 0.2457222562668654, 0.7220754115175642], [0.6163981007501533, 0.7259613759730961, 0.30501387179414113]], "fy": 1681.3195392729065, "fx": 1681.3195392729062}, {"id": 6, "img_name": "00049", "width": 1920, "height": 1080, "position": [2.416495820343108, -0.9876697486731043, -0.893522881093322], "rotation": [[0.23872958318308482, 0.7373914804720633, -0.6318718150388172], [-0.6408861238584961, 0.6084940076304177, 0.4679743784904311], [0.7295705328197286, 0.2932385499982765, 0.6178494884970331]], "fy": 1693.168931777121, "fx": 1693.1689317771206}, {"id": 7, "img_name": "00057", "width": 1920, "height": 1080, "position": [1.9240237694646642, 0.7894141674230468, -2.005216847613332], "rotation": [[0.7441520248875085, 0.4458229337156891, -0.4974732913724682], [-0.4096085716717998, 0.8928072410904483, 0.18739276472011915], [0.5276917489110555, 0.06432061900820069, 0.8469972113895023]], "fy": 1704.166351587636, "fx": 1704.166351587636}, {"id": 8, "img_name": "00065", "width": 1920, "height": 1080, "position": [2.9207131504578068, 1.040325917859461, -1.4452004658037534], "rotation": [[0.4957311416741652, 0.559321756227991, -0.6643867910972227], [-0.5844984044837385, 0.7806873741549348, 0.2211082065212348], [0.6423490097527923, 0.27872279570409864, 0.7139337173887351]], "fy": 1753.5396676828686, "fx": 1753.5396676828686}, {"id": 9, "img_name": "00073", "width": 1920, "height": 1080, "position": [4.41851588193498, -0.7898857003924008, 0.6686854884953406], "rotation": [[-0.2932003492999584, 0.5152653198392005, -0.8053168353768523], [-0.6815599683568938, 0.4780581153390936, 0.5540184544686069], [0.6704547447096872, 0.7113101212055404, 0.2110174086819085]], "fy": 1721.3802300399873, "fx": 1721.3802300399873}, {"id": 10, "img_name": "00081", "width": 1920, "height": 1080, "position": [2.805757929445757, -2.7645593427511916, 2.5267366349439695], "rotation": [[-0.8422556073587418, 0.25528327318256333, -0.4748009501948718], [-0.4035125935628046, 0.28549078029662006, 0.8692943121876766], [0.3574675911309656, 0.9237561717243483, -0.13744619489895252]], "fy": 1698.1705905555636, "fx": 1698.1705905555634}, {"id": 11, "img_name": "00089", "width": 1920, "height": 1080, "position": [-0.07562997500317961, -2.9580114392062407, 2.7425618268085037], "rotation": [[-0.9909938727941031, -0.1152125993120519, 0.06824368867745575], [0.04475654500723023, 0.1953414963260694, 0.9797135048023519], [-0.12620616373046403, 0.9739444320765188, -0.18842570807505668]], "fy": 1696.6555504610167, "fx": 1696.6555504610167}, {"id": 12, "img_name": "00097", "width": 1920, "height": 1080, "position": [-2.919354661976985, -1.9413733544479166, 1.7484073326656173], "rotation": [[-0.6543160863320345, -0.3958638615357364, 0.6443308639954666], [0.5591182905743469, 0.3204450200576563, 0.7646579145379117], [-0.5091730514396352, 0.8605851452646991, 0.011662394153305016]], "fy": 1710.7897669112454, "fx": 1710.7897669112458}, {"id": 13, "img_name": "00105", "width": 1920, "height": 1080, "position": [-3.2436313818278366, -0.2868018891714401, 0.5453380030384865], "rotation": [[-0.1569459134959047, -0.5763108296871096, 0.8020185832150595], [0.7205882870134743, 0.4885129517235057, 0.49204432383411817], [-0.6753669379351661, 0.6551495429165338, 0.338612722088722]], "fy": 1710.7249399754348, "fx": 1710.7249399754346}, {"id": 14, "img_name": "00113", "width": 1920, "height": 1080, "position": [-2.746224594242928, 1.1694650883144941, -0.9306029641016117], "rotation": [[0.5047540334253655, -0.550541547511369, 0.664926590086915], [0.6588299485233398, 0.7433909492581932, 0.11538195478382245], [-0.5578229689332974, 0.3798340440571244, 0.7379428394568591]], "fy": 1710.5777535072982, "fx": 1710.577753507298}, {"id": 15, "img_name": "00121", "width": 1920, "height": 1080, "position": [-0.8945470280173974, 2.1678347122427684, -1.9263851873750315], "rotation": [[0.8970402316953218, -0.2884603546841883, 0.3348274876641336], [0.322767944957062, 0.9451308556061258, -0.0504828633243752], [-0.3018934852364295, 0.15335673952162926, 0.9409261575783175]], "fy": 1708.846963089495, "fx": 1708.8469630894947}, {"id": 16, "img_name": "00129", "width": 1920, "height": 1080, "position": [0.3290402479692575, 1.830731386445068, -1.6848628171177686], "rotation": [[0.9930796673166966, -0.10038326990826082, 0.06095878513130429], [0.09991615169898908, 0.9949386368239614, 0.01067106295276375], [-0.06172144677357998, -0.0045064484244806725, 0.9980832404818615]], "fy": 1698.4496858026794, "fx": 1698.4496858026794}, {"id": 17, "img_name": "00137", "width": 1920, "height": 1080, "position": [0.5544546145444099, 2.4274291174778204, -2.178955776437237], "rotation": [[0.9998258736048459, 0.0067392925879938784, -0.017401275979648804], [-0.007246447364831063, 0.9995459175541421, -0.029248037565567774], [0.017196263282911916, 0.029369042140688573, 0.9994207061557427]], "fy": 1717.2537844065528, "fx": 1717.2537844065523}, {"id": 18, "img_name": "00145", "width": 1920, "height": 1080, "position": [0.5409497512410972, 2.7037502346860625, -2.2333524702584313], "rotation": [[0.999383994280543, 0.007560307246295421, -0.03427059570840867], [-0.013717023701349081, 0.9829880682676077, -0.1831564929351224], [0.03230286731304536, 0.18351375806151024, 0.9824862469090838]], "fy": 1703.1963153301738, "fx": 1703.1963153301742}, {"id": 19, "img_name": "00153", "width": 1920, "height": 1080, "position": [-0.9973521107357936, 2.7470897479714282, -2.1324319006997823], "rotation": [[0.9510063322491806, -0.170595416971371, 0.2578452243698243], [0.23119770153919347, 0.9461127219862605, -0.22675612472156648], [-0.2052670914320047, 0.2752597337136557, 0.9392004579273439]], "fy": 1707.4244958535046, "fx": 1707.4244958535044}, {"id": 20, "img_name": "00161", "width": 1920, "height": 1080, "position": [-2.416879234636174, 2.070797096574923, -1.616891200689508], "rotation": [[0.6572562355356848, -0.3833520022859922, 0.6488878818353607], [0.5282801876311537, 0.8483940372083745, -0.03387625991262963], [-0.537526077698425, 0.36505999503176967, 0.7601295388429204]], "fy": 1727.0041118115541, "fx": 1727.0041118115541}, {"id": 21, "img_name": "00169", "width": 1920, "height": 1080, "position": [-3.386806873703446, 0.9012046039242173, -0.5292979693802857], "rotation": [[0.1547906995280618, -0.5584445668889431, 0.8149720885109097], [0.7212120788079635, 0.627649525082453, 0.29310273121427427], [-0.6751984720962487, 0.5423981373271778, 0.49991127603095614]], "fy": 1718.6686810734702, "fx": 1718.6686810734702}, {"id": 22, "img_name": "00177", "width": 1920, "height": 1080, "position": [-3.3598107917626585, -0.18805614909873863, 1.096238525738279], "rotation": [[-0.42966934323299666, -0.42665428148572104, 0.7958331355099686], [0.7047465174156362, 0.3925673143240925, 0.5909511400402755], [-0.5645499107043215, 0.8147742189185123, 0.13200897889715826]], "fy": 1724.9160923396305, "fx": 1724.91609233963}, {"id": 23, "img_name": "00185", "width": 1920, "height": 1080, "position": [-3.2205763546414703, -1.0433677298874773, 1.8835499460146419], "rotation": [[-0.6964795350782582, -0.25974264273584496, 0.6689170477434195], [0.5986943846857716, 0.3035469106506759, 0.7412316148007694], [-0.39557716183179525, 0.9167295307663159, -0.05590774953503134]], "fy": 1714.9409002339764, "fx": 1714.9409002339767}, {"id": 24, "img_name": "00193", "width": 1920, "height": 1080, "position": [-2.3158154221441376, -2.0158613213828214, 2.736921687049646], "rotation": [[-0.9350391716099087, 0.012007153472952647, 0.35434104450448867], [0.34526190330044704, 0.25803405497853565, 0.9023373230675358], [-0.08059755383637776, 0.9660612065168599, -0.24541756167556744]], "fy": 1712.2839551706247, "fx": 1712.2839551706245}, {"id": 25, "img_name": "00201", "width": 1920, "height": 1080, "position": [-0.6340116533966093, -2.22526499196702, 3.1247078216788586], "rotation": [[-0.978778759943147, 0.20448880370241707, 0.013284135068161042], [0.06759824809305279, 0.2609997021203316, 0.9629691751805183], [0.19344925933925125, 0.9434317594047024, -0.26928404967179626]], "fy": 1700.5940850783604, "fx": 1700.5940850783604}, {"id": 26, "img_name": "00209", "width": 1920, "height": 1080, "position": [0.9573651691341905, -1.9448872152307455, 3.1508396282292948], "rotation": [[-0.8530207287638039, 0.3988019451525405, -0.3366194362211105], [-0.18509024324998763, 0.37189972505326613, 0.9096330009179334], [0.487952085919231, 0.838240778683461, -0.24342382545514313]], "fy": 1699.546944094456, "fx": 1699.546944094456}, {"id": 27, "img_name": "00217", "width": 1920, "height": 1080, "position": [2.543994898286313, -1.1079175530823073, 2.5617828737765262], "rotation": [[-0.5271939966153764, 0.44625076624430504, -0.7231367391849739], [-0.5181836887380892, 0.5056285456302164, 0.6898010137493704], [0.6734628086676304, 0.7383766162807721, -0.035324465618941106]], "fy": 1712.9093431760546, "fx": 1712.9093431760543}, {"id": 28, "img_name": "00225", "width": 1920, "height": 1080, "position": [3.7813210847123746, 0.09262218935185106, 1.3563583014821625], "rotation": [[0.002579184477617003, 0.40362188229668233, -0.914922250215128], [-0.611212185349569, 0.7247678253024268, 0.31801142100024504], [0.7914625779451828, 0.5583914178581848, 0.248567922658358]], "fy": 1696.653879894266, "fx": 1696.653879894266}, {"id": 29, "img_name": "00233", "width": 1920, "height": 1080, "position": [3.367600513773068, 1.2262585521333826, 0.31675533402910105], "rotation": [[0.3462586244811451, 0.31715271147937524, -0.8829038014266931], [-0.5618253876263883, 0.8237957886717058, 0.07558261959750229], [0.7513036661636119, 0.4698666365768509, 0.46343084170248505]], "fy": 1704.48158442775, "fx": 1704.4815844277498}, {"id": 30, "img_name": "00241", "width": 1920, "height": 1080, "position": [2.7567018447478286, 2.2351003641856013, -0.5064397640500415], "rotation": [[0.6851465432164776, 0.16910478008771745, -0.7085039080132133], [-0.39128205886443523, 0.9058691608627494, -0.16217094008677085], [0.6143879594599163, 0.3883357268515261, 0.6868207906880638]], "fy": 1710.7930928833728, "fx": 1710.7930928833725}, {"id": 31, "img_name": "00249", "width": 1920, "height": 1080, "position": [1.8665327842571837, 2.515028429197679, -1.0313030042718072], "rotation": [[0.9053636468048126, 0.017352165729640212, -0.42428241701581465], [-0.1433237295153602, 0.9530189523082112, -0.26685798676293637], [0.39971862053461854, 0.3024132584491803, 0.8653156912434046]], "fy": 1703.4996251040966, "fx": 1703.4996251040966}, {"id": 32, "img_name": "00257", "width": 1920, "height": 1080, "position": [0.8314030295156118, 2.808199111112365, -1.0157544569728167], "rotation": [[0.9849295521917646, -0.12112878217031192, -0.12345685622624235], [0.06330363892830737, 0.9167447966653768, -0.3944256927298112], [0.16095473437511687, 0.38066625266352955, 0.9105969347440948]], "fy": 1698.8428846134595, "fx": 1698.8428846134593}, {"id": 33, "img_name": "00265", "width": 1920, "height": 1080, "position": [0.20799587283232507, 2.7352000161112406, -1.1592103488867591], "rotation": [[0.9830545551582781, -0.18262341215231503, -0.01588807466012216], [0.15934683913980732, 0.8941608605222201, -0.41843152410677087], [0.09062188719460827, 0.4088093013178743, 0.9081093704600118]], "fy": 1713.9006700701975, "fx": 1713.9006700701975}, {"id": 34, "img_name": "00002", "width": 1920, "height": 1080, "position": [-3.011792230467847, 0.02295255716056965, -2.7616206812072805], "rotation": [[0.3317351369585669, -0.7337299994438027, 0.5929520105567381], [0.6909458880674617, 0.6169214692272069, 0.3768311035055509], [-0.6422971108994244, 0.28468963578385065, 0.7116222541542041]], "fy": 1721.398567508903, "fx": 1721.3985675089027}, {"id": 35, "img_name": "00003", "width": 1920, "height": 1080, "position": [-3.090255845935148, -0.10858409503603733, -2.6656533449421436], "rotation": [[0.3131364805093133, -0.7383979076702002, 0.5972554516473756], [0.6944175724568132, 0.6070255563744971, 0.3863990281709038], [-0.6478655567611439, 0.2937490491159123, 0.7028383288538484]], "fy": 1719.7439312032398, "fx": 1719.7439312032398}, {"id": 36, "img_name": "00004", "width": 1920, "height": 1080, "position": [-3.1684933255620162, -0.28277944918009623, -2.5510718151749807], "rotation": [[0.2822327200206803, -0.7448018820989579, 0.6046609365351607], [0.7007813708015842, 0.5905029997759406, 0.40026450953471754], [-0.655171856910216, 0.31076737872155297, 0.6886025517200428]], "fy": 1719.8434469773226, "fx": 1719.8434469773224}, {"id": 37, "img_name": "00005", "width": 1920, "height": 1080, "position": [-3.2817046753880725, -0.45161543892116596, -2.403619773276218], "rotation": [[0.23953689836606984, -0.7520867252161133, 0.6139931856909048], [0.7091889214401746, 0.5674467966419297, 0.41839599267599853], [-0.663078538355514, 0.3352158867573481, 0.6692960191408579]], "fy": 1723.1977499150405, "fx": 1723.1977499150403}, {"id": 38, "img_name": "00006", "width": 1920, "height": 1080, "position": [-3.382500650145552, -0.6556862230720074, -2.223960528196201], "rotation": [[0.18885603532449474, -0.7586461933467618, 0.623529751689509], [0.7157921779590543, 0.5410456539002026, 0.44148743851703814], [-0.6722908268704447, 0.36294015170020766, 0.6452127481611657]], "fy": 1720.7847086533118, "fx": 1720.784708653312}, {"id": 39, "img_name": "00007", "width": 1920, "height": 1080, "position": [-3.493761074597306, -0.86287153719332, -2.026950794856898], "rotation": [[0.1341162531429167, -0.7631515732012772, 0.6321491176639581], [0.7210090820744566, 0.5127685173411489, 0.46606260436759933], [-0.6798225755364812, 0.393278684833256, 0.619009807552974]], "fy": 1721.3438882682199, "fx": 1721.3438882682196}, {"id": 40, "img_name": "00008", "width": 1920, "height": 1080, "position": [-3.5990703110341897, -1.0595464424213994, -1.7828230033459025], "rotation": [[0.07520293416225839, -0.7647675632881176, 0.6399024088372713], [0.7282319663338462, 0.4804965597600951, 0.4886729573735926], [-0.6811921328839072, 0.4292477492090885, 0.5930629375504801]], "fy": 1722.0802751531917, "fx": 1722.0802751531921}, {"id": 41, "img_name": "00010", "width": 1920, "height": 1080, "position": [-3.6824418811719313, -1.4784993149381094, -1.309448248920806], "rotation": [[-0.0705994946049228, -0.7551121454560215, 0.6517832148393615], [0.7398550231481892, 0.3986214831101197, 0.5419552176383956], [-0.669051758897562, 0.5204868499663488, 0.5305310386096045]], "fy": 1714.6171495913597, "fx": 1714.61714959136}, {"id": 42, "img_name": "00011", "width": 1920, "height": 1080, "position": [-3.5685623519642333, -1.6716089403627363, -1.1494697340676834], "rotation": [[-0.15371181696696673, -0.7416190629765758, 0.6529730796552485], [0.7349003848932802, 0.3559399391437839, 0.5772592000185255], [-0.6605256252473648, 0.5686017280593377, 0.4903039600487768]], "fy": 1712.6018140722113, "fx": 1712.6018140722115}, {"id": 43, "img_name": "00012", "width": 1920, "height": 1080, "position": [-3.3183949881113306, -1.7766707000781683, -0.8793637369531659], "rotation": [[-0.2353824908479301, -0.7251723206919328, 0.6470859203417273], [0.725207549725023, 0.3122045510913838, 0.6136793365428362], [-0.647046437919298, 0.6137209655699437, 0.4524129569274557]], "fy": 1708.2086812333848, "fx": 1708.2086812333841}, {"id": 44, "img_name": "00013", "width": 1920, "height": 1080, "position": [-3.1229958571330245, -1.9492951739117925, -0.574190768160527], "rotation": [[-0.3059880101862813, -0.706648134391046, 0.6379809964128189], [0.7148929150980674, 0.2720060274224483, 0.6441590184018579], [-0.6287284450101066, 0.6531930305870631, 0.42194716165375623]], "fy": 1710.4792180819247, "fx": 1710.4792180819243}, {"id": 45, "img_name": "00014", "width": 1920, "height": 1080, "position": [-3.014218629842653, -2.0318775035919114, -0.408016490452112], "rotation": [[-0.36942358468818254, -0.6932113138388986, 0.6188572448003506], [0.7007398952973958, 0.22958087035327313, 0.675467410839656], [-0.6103194362092099, 0.6831915531778635, 0.4009482353767009]], "fy": 1704.4383468964224, "fx": 1704.4383468964224}, {"id": 46, "img_name": "00015", "width": 1920, "height": 1080, "position": [-2.9578617927754336, -2.128110534974195, -0.45191176655670473], "rotation": [[-0.4338259922412387, -0.6777604823413426, 0.5936629827034312], [0.6751648634969717, 0.1917582898449811, 0.7123069319997126], [-0.5966132881146876, 0.7098376482352555, 0.3744103331811528]], "fy": 1705.8309419461432, "fx": 1705.830941946143}, {"id": 47, "img_name": "00016", "width": 1920, "height": 1080, "position": [-2.950418482270611, -2.2417676750289557, -0.4767698779529035], "rotation": [[-0.5049589116193368, -0.6559101412854066, 0.5610689655783611], [0.6410786993991041, 0.15025667418613553, 0.7526227694132528], [-0.5779572637773206, 0.739732937229024, 0.34461657363735915]], "fy": 1711.2495061852906, "fx": 1711.2495061852908}, {"id": 48, "img_name": "00018", "width": 1920, "height": 1080, "position": [-2.5680729414589076, -2.530386596683015, -0.08709262901963374], "rotation": [[-0.6608656813450616, -0.5828792449937908, 0.47276668344522266], [0.5459653080871515, 0.05884522962115547, 0.8357386680752156], [-0.5149547879043641, 0.8104252122844536, 0.27934305380314994]], "fy": 1709.1056778726136, "fx": 1709.1056778726133}, {"id": 49, "img_name": "00019", "width": 1920, "height": 1080, "position": [-2.2581936277950034, -2.7061720801267803, 0.1804332815799904], "rotation": [[-0.7307706684331423, -0.5346625601045267, 0.42439389366513236], [0.4901073040006325, 0.02180124663207585, 0.8713894285625221], [-0.47515161866819916, 0.8447843822347573, 0.24611031430890787]], "fy": 1710.3577110190768, "fx": 1710.3577110190763}, {"id": 50, "img_name": "00020", "width": 1920, "height": 1080, "position": [-1.9387719656832616, -2.920105146221155, 0.4411441700963964], "rotation": [[-0.7905168610521989, -0.4851130266581259, 0.3738294313704715], [0.4322713657915956, -0.009561623884177813, 0.9016928754655688], [-0.4338485435135702, 0.8743991804177822, 0.21725909549628536]], "fy": 1713.1155052347626, "fx": 1713.1155052347628}, {"id": 51, "img_name": "00021", "width": 1920, "height": 1080, "position": [-1.656762507360909, -3.2182259947520877, 0.6675513837717334], "rotation": [[-0.8405518047776374, -0.43234287814967026, 0.32642349670070653], [0.37581441046556724, -0.03138720188583737, 0.926163253667622], [-0.3901745665358967, 0.9011628483637333, 0.1888632530628656]], "fy": 1719.4201301261753, "fx": 1719.420130126175}, {"id": 52, "img_name": "00022", "width": 1920, "height": 1080, "position": [-1.4694160605025204, -3.3167992908985777, 0.8354316279912741], "rotation": [[-0.880925192674088, -0.37955668517986724, 0.2826791956394934], [0.3236556502621547, -0.04739258190006164, 0.9449872820489317], [-0.34527934338083655, 0.9239538223938013, 0.1645949850948727]], "fy": 1708.5035671156502, "fx": 1708.5035671156504}, {"id": 53, "img_name": "00023", "width": 1920, "height": 1080, "position": [-1.403891693509352, -3.32442355663286, 0.8338090761160356], "rotation": [[-0.9137397174576933, -0.32874986610058227, 0.23875354296676637], [0.2721272459027971, -0.058828708413395304, 0.9604613189003345], [-0.3017059674214166, 0.9425829982581168, 0.14321592305692196]], "fy": 1700.5923200652983, "fx": 1700.5923200652985}, {"id": 54, "img_name": "00024", "width": 1920, "height": 1080, "position": [-1.3671904095182934, -3.2611163161674974, 0.8482696830893921], "rotation": [[-0.9406816678171411, -0.2741768819729793, 0.19986254582671795], [0.2258609051737352, -0.0664486133957739, 0.9718906488344664], [-0.2531893586761951, 0.9593808519922391, 0.12443283121340229]], "fy": 1701.1903924428782, "fx": 1701.1903924428782}, {"id": 55, "img_name": "00026", "width": 1920, "height": 1080, "position": [-1.0177381943008506, -3.3680238627780077, 1.1873990403214743], "rotation": [[-0.9774084219716326, -0.15808746778316307, 0.14028944788839035], [0.1536243019169111, -0.07549458838239577, 0.9852411587959132], [-0.1451631858270676, 0.9845348747783794, 0.09807512337823654]], "fy": 1714.2311233738144, "fx": 1714.2311233738142}, {"id": 56, "img_name": "00027", "width": 1920, "height": 1080, "position": [-0.7520396522229751, -3.5955301102980672, 1.2740110350824208], "rotation": [[-0.988924838107623, -0.10513891911395083, 0.10475434244632079], [0.11364523935852987, -0.08246262138639313, 0.9900932661346741], [-0.09545901814366937, 0.9910326552448381, 0.09349787213307145]], "fy": 1716.6968573874144, "fx": 1716.6968573874142}, {"id": 57, "img_name": "00028", "width": 1920, "height": 1080, "position": [-0.42287344592174336, -3.687833949539145, 1.3687357527308952], "rotation": [[-0.9971164111219333, -0.04545812499973022, 0.06076529883761216], [0.06462994327086834, -0.08902983321959526, 0.9939299065978925], [-0.039772265514045696, 0.9949910791903613, 0.09171106382263991]], "fy": 1709.194461837523, "fx": 1709.194461837523}, {"id": 58, "img_name": "00029", "width": 1920, "height": 1080, "position": [-0.026733381583639523, -3.628681596766511, 1.366096808402371], "rotation": [[-0.9997216510118805, 0.022116037281354094, 0.008215923140464904], [0.006050196146735846, -0.09626948593468927, 0.9953369184373987], [0.02280385109288108, 0.9951095753598398, 0.09610888305715154]], "fy": 1694.7790526420767, "fx": 1694.7790526420772}, {"id": 59, "img_name": "00030", "width": 1920, "height": 1080, "position": [0.32537526680231854, -3.513647121195851, 1.2595643520183697], "rotation": [[-0.9943770312186034, 0.09395637727692738, -0.04885201074543542], [-0.05771277113642636, -0.0940272987554862, 0.9938954186112847], [0.08878939031568425, 0.991126160616166, 0.09892106908857622]], "fy": 1697.0021909114869, "fx": 1697.0021909114867}, {"id": 60, "img_name": "00031", "width": 1920, "height": 1080, "position": [0.7177129801201316, -3.4596391900962353, 1.1642561236613274], "rotation": [[-0.9802248333747682, 0.16373837712706601, -0.11112614404901539], [-0.12606167775000893, -0.08381242015349617, 0.9884755594504432], [0.1525376328591102, 0.9829370387180495, 0.10279615011239865]], "fy": 1700.1102484125852, "fx": 1700.1102484125852}, {"id": 61, "img_name": "00032", "width": 1920, "height": 1080, "position": [1.0738802377516568, -3.4796729051428623, 1.1461030806232848], "rotation": [[-0.9588865287127571, 0.22669334144086906, -0.1707242044924268], [-0.19014845140813963, -0.06664519543720128, 0.9794906759904474], [0.21066606627619164, 0.9716833573091135, 0.10701056792767921]], "fy": 1707.3211309264013, "fx": 1707.3211309264013}, {"id": 62, "img_name": "00034", "width": 1920, "height": 1080, "position": [1.4318530533146556, -3.5080842457270545, 1.2212437999987311], "rotation": [[-0.8997940173662011, 0.33390171409940644, -0.28085649651284594], [-0.30408962549712365, -0.018302737655188393, 0.9524675897159673], [0.3128901180558617, 0.9424301858046586, 0.11800474103689806]], "fy": 1703.6510354105983, "fx": 1703.6510354105988}, {"id": 63, "img_name": "00035", "width": 1920, "height": 1080, "position": [1.7312107265148038, -3.5184323882167994, 1.3118035337622442], "rotation": [[-0.8614594821951911, 0.3791849609567222, -0.33779627872467954], [-0.36144955160273756, 0.009410316509342426, 0.9323441787180169], [0.3567096609038958, 0.9252730469042327, 0.1289496277248783]], "fy": 1711.7283703503904, "fx": 1711.7283703503904}, {"id": 64, "img_name": "00036", "width": 1920, "height": 1080, "position": [2.0817047612804083, -3.560594851748183, 1.287188194928584], "rotation": [[-0.8138802745891758, 0.4267398268437944, -0.3943247631331007], [-0.42040672143448826, 0.03595447260622057, 0.9066231104887594], [0.401069928076579, 0.9036594469627022, 0.1501416554714611]], "fy": 1706.9412042383062, "fx": 1706.9412042383062}, {"id": 65, "img_name": "00037", "width": 1920, "height": 1080, "position": [2.384135215938265, -3.540927608712611, 1.2185590725273603], "rotation": [[-0.7560302968748068, 0.47526134307648066, -0.45004982611320976], [-0.4760551156084242, 0.07262676101801492, 0.8764113648778648], [0.44921010352666885, 0.8768420663729425, 0.1713425619289838]], "fy": 1703.1799509286502, "fx": 1703.1799509286502}, {"id": 66, "img_name": "00038", "width": 1920, "height": 1080, "position": [2.7104050137057154, -3.345327372063896, 1.0971075868354783], "rotation": [[-0.6872853490426185, 0.5257872387019726, -0.5011852238539364], [-0.5278205156183791, 0.11253318303426367, 0.8418680336065296], [0.4990434372714601, 0.8431394085999844, 0.20017888345665863]], "fy": 1694.6161310932207, "fx": 1694.6161310932205}, {"id": 67, "img_name": "00039", "width": 1920, "height": 1080, "position": [3.120298909512718, -3.039440747348016, 0.8177928496615823], "rotation": [[-0.6098392718118691, 0.5708974438621532, -0.5497018929816675], [-0.5758472653931342, 0.15735829971866735, 0.8022707102025469], [0.5445144529718364, 0.8058005175608352, 0.2327864609539654]], "fy": 1691.441230176126, "fx": 1691.441230176126}, {"id": 68, "img_name": "00040", "width": 1920, "height": 1080, "position": [3.548343643725339, -2.6550110503284423, 0.48656896590843457], "rotation": [[-0.5291781946690217, 0.6086723995382263, -0.5911753955698871], [-0.6166638964975236, 0.2026921465103849, 0.7606849101300118], [0.5828345194335408, 0.7670943904001581, 0.26808602942578574]], "fy": 1689.4811342127368, "fx": 1689.4811342127368}, {"id": 69, "img_name": "00042", "width": 1920, "height": 1080, "position": [3.8762079728847234, -2.0719487397581173, 0.005281572458494824], "rotation": [[-0.3707291527731186, 0.6720640025195279, -0.6410069202446707], [-0.6671210574038573, 0.28748231442836, 0.6872433438450117], [0.6461496653659159, 0.682410357049441, 0.3417699731386149]], "fy": 1674.0496182716456, "fx": 1674.0496182716456}, {"id": 70, "img_name": "00043", "width": 1920, "height": 1080, "position": [3.8234573212884615, -1.834312923438834, -0.13532139889698705], "rotation": [[-0.2945949563051737, 0.6962356227339024, -0.6545760225946923], [-0.6777718025465161, 0.33065202720000725, 0.6567302494794737], [0.6736758830419854, 0.6371225898874253, 0.37448045351225023]], "fy": 1670.2554525743585, "fx": 1670.2554525743585}, {"id": 71, "img_name": "00044", "width": 1920, "height": 1080, "position": [3.5935802303650246, -1.5609733715971397, -0.2699043460089446], "rotation": [[-0.21586914140596988, 0.7194064454623165, -0.6601930626838821], [-0.6807575954958304, 0.373820604897479, 0.6299422604721946], [0.6999782924944061, 0.585416536819176, 0.40904506897804993]], "fy": 1666.253436102308, "fx": 1666.2534361023077}, {"id": 72, "img_name": "00045", "width": 1920, "height": 1080, "position": [3.377338126157606, -1.347846219100723, -0.554067786862611], "rotation": [[-0.13434545957368899, 0.7354153207510146, -0.6641653434925802], [-0.6809314191039848, 0.4184215434538162, 0.6010456009744684], [0.7199192315593242, 0.532998797351747, 0.4445543634389651]], "fy": 1676.3189099176625, "fx": 1676.3189099176625}, {"id": 73, "img_name": "00046", "width": 1920, "height": 1080, "position": [3.1876693311412887, -1.1373181503631433, -0.7535776373157838], "rotation": [[-0.053060118485238165, 0.7470065414778866, -0.6626958961813322], [-0.6744610602801551, 0.46257935567792224, 0.5754325484940589], [0.736401318570317, 0.4774950959851261, 0.47928230858029125]], "fy": 1687.3526673932622, "fx": 1687.3526673932618}, {"id": 74, "img_name": "00047", "width": 1920, "height": 1080, "position": [2.925811569629562, -1.0679339776162065, -0.7858073426868842], "rotation": [[0.03469668922152252, 0.7521331950151959, -0.6580971027996538], [-0.6665252820803795, 0.5080738131014362, 0.5455318952987419], [0.7446745518041661, 0.41971020644821116, 0.5189442691642949]], "fy": 1695.47758268206, "fx": 1695.4775826820603}, {"id": 75, "img_name": "00048", "width": 1920, "height": 1080, "position": [2.6843186887899053, -1.0507579728973957, -0.797649352136453], "rotation": [[0.13372814198877947, 0.7488167188804026, -0.6491458276577127], [-0.656361523413898, 0.5576907622919777, 0.5081048752334303], [0.7425000569845202, 0.3581264234587849, 0.56607343180775]], "fy": 1699.8873483169418, "fx": 1699.8873483169418}, {"id": 76, "img_name": "00050", "width": 1920, "height": 1080, "position": [2.24453122044984, -0.8243183115676412, -1.0485089301746313], "rotation": [[0.34020449088863175, 0.7127803692670042, -0.6133555653671042], [-0.6176681967632783, 0.6612037557315229, 0.4257882010034197], [0.7090464745603119, 0.23399516788626562, 0.6652062524657082]], "fy": 1691.383448611474, "fx": 1691.3834486114738}, {"id": 77, "img_name": "00051", "width": 1920, "height": 1080, "position": [2.1641840220189956, -0.5714786640743446, -1.2615690154798491], "rotation": [[0.4330015823104149, 0.6786732907388956, -0.5932218759910288], [-0.5862726851120874, 0.7119377375768018, 0.38656046940354366], [0.6846853061137944, 0.180408487194099, 0.7061577793526007]], "fy": 1684.922504676569, "fx": 1684.9225046765687}, {"id": 78, "img_name": "00052", "width": 1920, "height": 1080, "position": [2.122853721188827, -0.2793969806144568, -1.6039549594266402], "rotation": [[0.511236638057538, 0.6396039828214456, -0.5740590954479945], [-0.55377668943534, 0.7559534358174455, 0.34909279728151704], [0.657243089081704, 0.13943151736513176, 0.740668869211874]], "fy": 1691.258436509838, "fx": 1691.2584365098378}, {"id": 79, "img_name": "00053", "width": 1920, "height": 1080, "position": [2.038469259584961, -0.05880417496444096, -1.869367501263909], "rotation": [[0.5780338742691888, 0.5983071516452716, -0.5548922350217865], [-0.5196349278931768, 0.794191437839228, 0.3150230178515736], [0.6291711864912477, 0.10624741104131294, 0.7699708473287893]], "fy": 1691.681495937441, "fx": 1691.6814959374403}, {"id": 80, "img_name": "00054", "width": 1920, "height": 1080, "position": [1.9568962754526895, 0.1315434460444637, -2.0233367294830957], "rotation": [[0.6328460482281649, 0.5564861637647507, -0.5383577145173889], [-0.4863008049745795, 0.826724328782858, 0.282910606516633], [0.6025092582882616, 0.08276493059819655, 0.7938088938403275]], "fy": 1696.67044239039, "fx": 1696.6704423903902}, {"id": 81, "img_name": "00055", "width": 1920, "height": 1080, "position": [1.9206763017495103, 0.3957187438037727, -2.0575315048172413], "rotation": [[0.6786579780932394, 0.5163251628844854, -0.5223329158139528], [-0.4561758282733973, 0.8537039387050553, 0.2511835956796445], [0.5756100784988707, 0.06780789933175135, 0.8149080477690344]], "fy": 1702.7214899054409, "fx": 1702.721489905441}, {"id": 82, "img_name": "00056", "width": 1920, "height": 1080, "position": [1.9286410715202873, 0.6458207213535113, -2.0661447486169813], "rotation": [[0.7162859578620735, 0.4788818616209574, -0.5075495928281863], [-0.4303301255227856, 0.8757164023556229, 0.21894466358618664], [0.5493181315386879, 0.061586891915171124, 0.8333406536987584]], "fy": 1708.7374803734376, "fx": 1708.7374803734376}, {"id": 83, "img_name": "00058", "width": 1920, "height": 1080, "position": [1.951976013883122, 0.9807911262956784, -1.9339151310859766], "rotation": [[0.7598743497962401, 0.4216855746656921, -0.49474462972386674], [-0.39807554892910685, 0.9035214794399058, 0.15869717557510032], [0.5139327094732649, 0.0763558269524269, 0.8544255133268667]], "fy": 1711.1873885818216, "fx": 1711.1873885818216}, {"id": 84, "img_name": "00059", "width": 1920, "height": 1080, "position": [1.995110814178615, 1.1582656485144256, -1.8473993522407992], "rotation": [[0.7645785006706424, 0.41044063671864206, -0.4969488907747238], [-0.39577862301629435, 0.9075169250563757, 0.14061405441685607], [0.5087032512924983, 0.08917126480103511, 0.8563115599232707]], "fy": 1717.1557363246682, "fx": 1717.155736324668}, {"id": 85, "img_name": "00060", "width": 1920, "height": 1080, "position": [2.043474549786726, 1.2696039458592212, -1.8216642998477905], "rotation": [[0.7601429154077751, 0.4122884796095136, -0.5021961347288962], [-0.4062607422727601, 0.9047678566126877, 0.12785669684638862], [0.5070847635685318, 0.10683321216625047, 0.8552495000494809]], "fy": 1722.2197238591134, "fx": 1722.2197238591136}, {"id": 86, "img_name": "00061", "width": 1920, "height": 1080, "position": [2.108136553064527, 1.3830875056736758, -1.7519627180280204], "rotation": [[0.7431745042566981, 0.4249285523049065, -0.5168436723602865], [-0.4262594755495108, 0.8960886513100726, 0.12380625387092221], [0.5157465615271389, 0.12829986137697746, 0.8470800610589188]], "fy": 1721.4235027393916, "fx": 1721.4235027393913}, {"id": 87, "img_name": "00062", "width": 1920, "height": 1080, "position": [2.222803717731533, 1.4197431815507264, -1.7382177991656986], "rotation": [[0.7068350912404929, 0.44993182779674856, -0.5458438459179702], [-0.45762336425265404, 0.8792673191358956, 0.13217351470569935], [0.5394117261249763, 0.1563660187990092, 0.8273963124668984]], "fy": 1730.2921297757223, "fx": 1730.2921297757223}, {"id": 88, "img_name": "00063", "width": 1920, "height": 1080, "position": [2.3872233803303833, 1.3939214312272092, -1.6899227856657861], "rotation": [[0.6513880870826361, 0.48121502177109005, -0.5866222488353755], [-0.4946541292858374, 0.8555901218665206, 0.1525871414795561], [0.5753354259797445, 0.1907816715155869, 0.7953562104028764]], "fy": 1732.8161106615776, "fx": 1732.8161106615778}, {"id": 89, "img_name": "00064", "width": 1920, "height": 1080, "position": [2.616256750824084, 1.2563043421462392, -1.5855323197351059], "rotation": [[0.5782783704463607, 0.5209194428389422, -0.6278829989307464], [-0.5400242029644936, 0.8212869536186026, 0.18401521683936595], [0.6115292196505946, 0.23265999632133003, 0.756241588135229]], "fy": 1742.4017698826663, "fx": 1742.401769882666}, {"id": 90, "img_name": "00066", "width": 1920, "height": 1080, "position": [3.2625732630332283, 0.8274154803919308, -1.1496152774293662], "rotation": [[0.4042951706490977, 0.5878339209549476, -0.7007115643148394], [-0.6244868358054917, 0.7371589179886656, 0.2580947917634613], [0.6682526519928387, 0.33323866973163857, 0.6651243358200225]], "fy": 1754.1506730616716, "fx": 1754.1506730616718}, {"id": 91, "img_name": "00067", "width": 1920, "height": 1080, "position": [3.5834457393011867, 0.5422403016187698, -0.8474364442007943], "rotation": [[0.3025071239869203, 0.607999341226471, -0.7340478465368173], [-0.660457332404237, 0.688983241396431, 0.2984932246272042], [0.6872303485809115, 0.3945109556692237, 0.609979961839989]], "fy": 1742.2061807971625, "fx": 1742.2061807971625}, {"id": 92, "img_name": "00068", "width": 1920, "height": 1080, "position": [3.8377796451539665, 0.3834682272649589, -0.68600250169205], "rotation": [[0.19365009308841288, 0.6130689285473389, -0.7659282801259311], [-0.6878149765689349, 0.6415431025184098, 0.3396071342279612], [0.699578587046748, 0.4610519888915681, 0.5459128722468493]], "fy": 1726.4809364921955, "fx": 1726.4809364921957}, {"id": 93, "img_name": "00069", "width": 1920, "height": 1080, "position": [4.135444598591428, 0.2151874994894528, -0.4634954764022212], "rotation": [[0.07758128635041638, 0.6054771340582488, -0.7920723351694742], [-0.7042743115247564, 0.5956138418984414, 0.3863183214207017], [0.7056761566997602, 0.5278651262127361, 0.4726304797554506]], "fy": 1732.0235489235822, "fx": 1732.0235489235822}, {"id": 94, "img_name": "00070", "width": 1920, "height": 1080, "position": [4.298493050340734, -0.01568093421841466, -0.10361139935683258], "rotation": [[-0.028579961734590417, 0.5863264725777289, -0.8095705363597459], [-0.7105363444454598, 0.5577417192116166, 0.4290247986689729], [0.7030798596243044, 0.5874908018049538, 0.4006660314841282]], "fy": 1721.6438772388726, "fx": 1721.643877238873}, {"id": 95, "img_name": "00071", "width": 1920, "height": 1080, "position": [4.3396531597566375, -0.2676412658645817, 0.22422707971957054], "rotation": [[-0.13200917762599612, 0.5620228949704777, -0.816519346097514], [-0.7070752872949435, 0.5239123422103322, 0.4749319906854631], [0.6947072153931336, 0.6400360327424441, 0.3282312624842909]], "fy": 1719.793899752067, "fx": 1719.793899752067}, {"id": 96, "img_name": "00072", "width": 1920, "height": 1080, "position": [4.344974238081909, -0.5500916492341248, 0.47655332931039074], "rotation": [[-0.22308838897032124, 0.5369436394079319, -0.8135865650353326], [-0.6954882080847367, 0.49713462106178025, 0.5187998852706525], [0.6830283472314371, 0.6815780928412569, 0.26253300790027584]], "fy": 1720.9791479612345, "fx": 1720.9791479612343}, {"id": 97, "img_name": "00074", "width": 1920, "height": 1080, "position": [4.517013663483862, -0.9824867803487695, 0.9719220286001701], "rotation": [[-0.35534439242654753, 0.49385845661069344, -0.7936209344549271], [-0.6680999014450201, 0.45960990136845276, 0.5851506303963412], [0.6537376266210797, 0.7381480633302406, 0.16662698503439569]], "fy": 1716.1069336114067, "fx": 1716.1069336114067}, {"id": 98, "img_name": "00075", "width": 1920, "height": 1080, "position": [4.537206920820608, -1.1756846103888712, 1.2825318357088142], "rotation": [[-0.4155970508699309, 0.47383580009280096, -0.7763753769012965], [-0.6505165708015762, 0.441730740362812, 0.6178204788861239], [0.635694330964791, 0.7618094168287347, 0.12465604682601464]], "fy": 1707.6759472130127, "fx": 1707.6759472130125}, {"id": 99, "img_name": "00076", "width": 1920, "height": 1080, "position": [4.391621403674271, -1.4083071927278623, 1.456252591594501], "rotation": [[-0.4791012073512815, 0.4526963169524016, -0.7520160089600987], [-0.6278995355163891, 0.42191465107545956, 0.6540108565659869], [0.6133548780378674, 0.7855278937285448, 0.0821079884149458]], "fy": 1700.2952610683506, "fx": 1700.2952610683506}, {"id": 100, "img_name": "00077", "width": 1920, "height": 1080, "position": [4.142680649990585, -1.7106221166492992, 1.6709986637016543], "rotation": [[-0.5564982598611397, 0.4238495441660311, -0.7146056609639831], [-0.5938020154606463, 0.3986845597294878, 0.6988918287318708], [0.5811272263509926, 0.8132663682604564, 0.02981544985490099]], "fy": 1699.264586245311, "fx": 1699.264586245311}, {"id": 101, "img_name": "00078", "width": 1920, "height": 108